y
90.00 
89.75 
88.50 
89.50 
88.25 
88.50 
88.00 
87.50 
87.00 
87.25 
86.50 
86.50 
86.50 
85.75 
85.75 
85.50 
85.25 
84.25 
84.50 
84.75 
84.25 
84.25 
84.00 
84.00 
83.25 
83.25 
83.50 
83.00 
82.75 
83.00 
82.50 
82.00 
82.25 
81.75 
81.75 
81.50 
81.25 
81.00 
81.00 
80.75 
80.00 
80.50 
80.00 
80.00 
79.75 
79.50 
79.25 
79.00 
79.00 
78.25 
78.75 
78.50 
78.25 
77.75 
77.75 
77.50 
77.50 
77.25 
77.25 
76.75 
76.75 
76.75 
76.25 
76.25 
76.25 
76.00 
75.75 
75.25 
75.50 
75.25 
74.50 
74.50 
74.50 
74.50 
74.25 
74.50 
74.00 
73.75 
74.00 
73.50 
73.75 
73.25 
72.25 
72.00 
73.25 
73.00 
72.75 
72.50 
72.50 
72.50 
72.00 
72.00 
72.00 
71.75 
71.75 
71.75 
71.50 
71.50 
71.00 
71.00 
70.50 
71.00 
70.25 
70.50 
70.00 
69.25 
70.25 
69.75 
69.25 
69.25 
69.75 
69.50 
68.50 
69.00 
69.00 
68.75 
67.75 
68.25 
68.75 
68.75 
68.50 
68.50 
68.50 
68.25 
68.25 
67.50 
67.25 
67.75 
67.50 
67.25 
66.75 
67.25 
67.00 
66.50 
66.75 
66.75 
66.50 
66.00 
66.25 
66.25 
65.75 
66.00 
65.50 
65.25 
65.75 
65.50 
65.75 
65.00 
65.25 
65.25 
65.25 
65.00 
64.50 
65.00 
64.50 
64.75 
64.75 
63.75 
63.50 
64.00 
64.00 
64.25 
64.00 
64.00 
63.75 
63.75 
63.50 
63.25 
63.50 
63.00 
63.25 
63.00 
62.50 
62.75 
62.75 
62.25 
62.25 
62.25 
62.25 
62.25 
62.25 
62.25 
61.75 
61.75 
61.75 
61.50 
61.50 
61.75 
61.25 
61.00 
60.75 
61.00 
61.25 
60.75 
60.75 
60.50 
60.50 
60.50 
60.50 
60.00 
59.75 
60.25 
59.75 
60.00 
60.00 
60.00 
59.75 
59.25 
59.50 
59.75 
59.75 
59.50 
59.50 
59.00 
58.75 
58.75 
59.00 
58.50 
59.00 
59.00 
58.75 
58.25 
58.50 
58.25 
58.25 
58.25 
58.00 
58.00 
57.75 
57.25 
58.00 
57.75 
57.75 
57.75 
57.25 
57.50 
57.25 
57.00 
57.25 
57.00 
57.50 
57.25 
57.00 
57.00 
57.00 
56.75 
56.75 
57.00 
56.25 
56.50 
56.25 
56.50 
56.00 
56.50 
56.25 
56.25 
55.50 
56.25 
56.25 
55.50 
55.75 
55.50 
56.00 
55.00 
55.75 
56.00 
55.75 
55.50 
55.25 
55.50 
55.25 
55.00 
55.25 
54.50 
54.75 
54.50 
54.75 
54.75 
54.25 
54.50 
54.50 
54.00 
54.50 
54.50 
54.50 
54.00 
54.50 
54.75 
53.50 
54.00 
54.00 
54.00 
53.75 
53.50 
53.50 
53.25 
53.50 
53.50 
53.25 
53.00 
53.25 
53.00 
53.00 
52.75 
53.25 
53.25 
53.00 
52.75 
52.75 
52.50 
52.75 
52.75 
52.25 
52.75 
52.75 
52.75 
52.25 
52.50 
52.50 
52.25 
52.25 
52.25 
52.25 
51.75 
51.75 
52.25 
52.00 
51.50 
52.00 
52.25 
51.50 
51.75 
51.75 
51.25 
51.50 
51.75 
51.25 
51.00 
51.25 
51.25 
51.25 
51.00 
51.00 
51.00 
51.25 
51.25 
51.00 
51.00 
50.50 
50.75 
50.25 
50.25 
50.50 
50.25 
50.50 
50.50 
49.75 
50.25 
50.00 
49.75 
50.25 
50.25 
50.25 
50.25 
50.00 
49.75 
50.00 
49.50 
49.75 
49.75 
49.50 
49.50 
49.75 
49.00 
49.25 
49.25 
49.25 
49.50 
49.25 
49.00 
49.25 
49.25 
49.00 
48.75 
49.00 
48.50 
48.75 
49.00 
48.50 
48.25 
48.75 
48.25 
48.50 
48.75 
48.00 
48.50 
48.25 
48.50 
48.25 
48.25 
48.25 
48.25 
48.00 
48.00 
48.25 
47.75 
48.25 
47.50 
47.75 
47.75 
48.00 
47.75 
47.25 
47.75 
47.50 
47.50 
47.50 
47.50 
47.25 
47.50 
47.25 
47.50 
47.00 
46.75 
47.25 
47.25 
47.25 
46.75 
47.00 
47.00 
47.00 
47.00 
47.00 
47.00 
47.00 
46.75 
46.75 
46.50 
46.75 
46.50 
46.50 
46.00 
46.50 
46.25 
46.25 
46.50 
45.50 
45.75 
46.25 
46.00 
46.25 
46.25 
46.50 
46.00 
45.50 
45.75 
46.25 
46.00 
46.00 
45.50 
45.75 
46.00 
46.00 
45.50 
45.75 
45.25 
45.25 
45.00 
45.50 
45.25 
45.00 
45.50 
45.00 
45.25 
44.75 
45.50 
44.75 
45.25 
45.25 
45.00 
45.25 
45.00 
44.75 
44.50 
44.75 
44.75 
45.00 
44.75 
45.00 
44.50 
44.75 
44.50 
44.50 
44.25 
44.50 
44.50 
43.75 
44.00 
44.50 
44.00 
44.00 
44.50 
43.75 
43.75 
44.00 
43.75 
43.50 
43.50 
44.00 
44.00 
44.00 
43.75 
43.75 
43.25 
44.00 
43.25 
44.00 
43.00 
43.75 
43.50 
43.50 
43.25 
43.50 
43.50 
43.25 
43.25 
43.25 
43.50 
43.00 
43.50 
43.00 
43.00 
42.75 
43.00 
43.00 
42.75 
43.00 
43.00 
43.00 
42.25 
42.50 
