y
25.50
25.75
27.50
26.75
26.75
25.75
26.00
25.50
25.75
25.50
25.25
26.00
25.00
25.00
24.25
24.50
24.50
24.75
24.50
24.25
24.25
24.00
24.50
25.00
24.75
24.75
25.00
24.50
23.50
24.00
24.00
24.00
23.75
23.75
23.50
24.00
23.75
23.75
24.00
23.25
23.75
23.75
23.75
24.50
23.50
23.75
24.00
24.00
23.75
23.75
23.75
24.00
24.50
24.50
24.25
24.25
24.25
24.25
24.50
24.00
24.50
24.25
24.50
24.25
24.50
24.25
24.25
24.25
24.50
24.50
24.50
24.00
24.25
24.50
24.25
24.25
23.75
24.00
24.50
24.50
24.00
24.25
24.25
24.25
24.50
24.50
23.75
24.00
24.25
24.50
24.25
24.00
24.25
24.50
24.25
24.50
24.50
24.75
24.25
24.50
24.25
24.50
24.00
24.00
24.50
24.50
24.50
24.50
24.50
24.00
24.50
24.75
24.50
24.25
24.25
24.25
24.50
24.25
23.75
24.50
24.50
24.25
24.50
24.25
24.50
24.25
23.75
24.50
24.25
24.25
24.25
24.50
24.25
24.50
23.75
24.25
24.25
24.00
24.50
24.50
24.00
24.25
24.00
24.00
23.75
23.75
24.00
24.00
23.75
24.00
24.25
24.00
24.00
23.50
23.75
23.75
24.00
24.00
24.00
23.50
24.25
23.75
24.00
24.00
24.25
24.25
24.25
24.00
24.25
24.00
24.00
23.75
23.75
24.25
24.00
23.75
24.00
23.75
24.25
24.00
24.00
24.00
23.75
23.75
24.00
23.75
23.75
23.75
24.00
24.25
24.00
24.00
24.00
24.00
24.00
23.75
23.75
23.75
24.00
23.75
23.75
23.75
23.75
24.00
24.50
24.00
24.00
24.25
24.00
23.50
23.75
24.00
24.25
24.25
24.25
24.25
24.25
24.25
24.25
24.25
24.75
24.25
24.00
24.00
24.00
23.75
24.25
23.25
24.00
24.00
24.25
24.25
24.25
24.00
24.25
24.50
24.50
24.75
24.75
24.75
25.00
24.75
24.75
24.75
25.00
24.50
24.25
24.00
24.25
24.75
24.50
24.25
23.75
23.50
24.00
24.00
24.25
24.25
24.00
23.75
24.25
24.00
24.00
23.75
24.00
24.25
23.75
24.00
24.50
24.25
24.75
24.25
24.25
24.25
24.25
24.50
24.25
24.25
24.25
24.25
24.25
24.00
24.00
24.50
23.75
23.75
24.25
24.50
24.00
24.25
24.25
24.25
24.25
24.25
24.25
24.00
24.50
24.25
24.00
24.25
24.25
24.25
23.75
24.00
24.25
24.00
23.50
24.50
24.00
23.75
24.25
24.25
24.25
24.50
24.00
24.25
24.50
24.25
24.25
24.00
24.50
24.50
24.00
24.25
24.75
24.50
24.25
24.00
24.25
24.25
24.25
23.75
24.50
24.25
24.25
24.00
24.25
24.00
24.00
24.50
24.50
24.00
24.25
24.25
24.25
24.25
24.25
24.25
24.25
24.25
24.25
24.50
24.00
24.25
24.50
24.00
23.75
24.25
24.25
24.00
23.75
23.75
23.75
23.25
23.75
23.25
23.50
23.75
24.00
23.75
23.25
26.00
26.50
27.25
28.00
29.25
30.00
30.50
31.00
31.50
32.25
33.00
33.75
34.50
36.25
37.25
38.50
39.25
40.25
40.75
41.25
42.00
42.50
42.50
43.50
44.00
44.25
44.25
44.00
44.75
45.00
45.00
45.50
45.75
46.25
46.25
46.50
46.75
47.00
47.50
46.75
46.75
48.00
48.75
49.00
49.00
48.25
48.50
48.25
48.75
49.00
49.25
49.00
48.50
49.00
49.25
49.25
49.50
49.75
50.25
50.25
51.00
51.25
51.25
51.50
51.50
51.25
51.25
51.50
51.50
51.25
52.00
52.25
52.00
51.75
52.00
52.00
52.00
52.00
52.25
52.00
52.50
52.25
52.50
52.25
52.50
52.50
52.75
52.75
52.50
52.00
53.00
52.75
52.75
52.75
52.25
53.00
52.50
52.75
53.00
53.00
52.50
52.50
52.50
52.00
51.75
51.25
51.50
51.00
51.25
51.50
51.75
51.00
51.75
51.75
51.50
51.75
51.75
51.25
51.50
51.25
50.75
51.25
51.50
51.25
51.25
51.50
51.50
51.50
53.25
52.25
53.00
52.50
52.75
53.00
53.25
53.25
53.50
53.00
53.25
52.75
53.00
53.50
52.75
53.25
53.25
53.00
53.25
53.50
53.50
53.25
53.00
52.75
53.25
53.00
53.00
53.50
53.50
53.00
53.50
53.50
53.00
53.25
53.25
52.75
52.75
52.50
52.75
52.50
52.75
53.00
53.00
52.50
52.50
53.00
52.75
53.00
53.00
53.25
52.75
53.25
53.25
52.75
53.25
53.25
53.50
53.50
53.25
52.50
53.00
53.25
53.50
53.50
53.50
53.50
53.25
53.25
53.50
52.75
53.25
53.50
53.50
53.50
53.25
53.75
53.75
53.75
53.25
53.25
53.75
53.50
53.25
53.50
53.50
53.50
53.50
53.00
53.50
53.50
53.25
53.00
53.50
53.50
53.00
53.00
53.00
52.75
52.50
53.00
53.00
53.50
53.25
53.25
53.00
53.75
53.00
53.00
52.75
53.50
53.50
53.25
53.00
52.75
53.00
53.50
53.25
53.25
53.25
53.00
53.25
53.00
53.00
53.50
53.00
53.00
52.75
53.25
53.25
53.50
53.25
52.75
53.25
53.50
53.25
53.75
53.50
52.75
53.25
53.25
53.00
53.25
53.25
53.00
53.25
53.50
53.00
53.25
53.25
53.50
53.00
53.00
53.00
53.25
53.25
53.00
53.00
53.25
53.00
53.00
53.25
53.25
53.25
53.25
53.00
53.00
53.00
53.25
52.50
53.00
53.25
53.50
53.00
52.75
53.00
53.00
53.00
53.25
53.25
53.25
52.50
53.00
53.00
53.00
53.00
53.25
53.25
52.75
53.00
52.75
52.75
53.00
53.25
52.75
53.00
53.00
53.00
52.50
53.00
53.25
53.00
53.00
53.00
53.25
53.00
53.00
52.75
52.75
52.75
52.75
52.75
52.75
53.00
52.75
53.00
53.00
52.50
53.00
52.75
53.25
52.75
53.25
53.00
52.75
52.75
53.00
53.00
52.75
52.75
53.00
52.75
52.50
52.75
52.75
52.50
52.25
52.75
53.00
52.75
53.00
52.50
53.00
53.00
53.00
52.50
53.00
52.75
52.50
52.75
52.75
52.75
52.75
53.25
52.50
53.00
52.25
52.75
52.75
53.00
52.75
53.00
52.75
53.00
52.75
52.75
52.50
52.75
53.00
53.00
53.00
53.00
53.00
53.00
52.75
52.75
52.75
52.75
52.75
52.75
52.75
52.75
52.25
52.75
52.75
52.50
52.75
52.75
52.50
52.75
52.50
53.00
52.50
52.50
52.75
52.75
53.25
52.25
52.75
53.00
52.25
52.50
53.00
52.25
52.50
52.75
52.25
52.75
52.75
52.75
52.50
52.75
52.50
52.50
52.75
52.50
52.50
52.50
52.00
53.00
52.50
52.50
52.50
52.50
52.50
52.75
52.50
52.50
52.50
52.00
52.50
52.50
52.50
52.50
52.75
52.75
52.50
52.25
52.25
52.50
52.75
52.50
52.75
52.25
52.25
52.00
52.75
52.75
52.25
52.25
52.50
52.25
52.25
52.25
52.00
52.50
52.75
52.50
52.50
52.25
52.25
52.25
52.50
52.50
52.50
52.50
52.25
52.00
52.50
52.50
52.25
52.25
52.25
52.25
52.25
52.25
52.25
52.25
52.25
52.25
52.25
52.00
52.00
52.25
52.25
52.25
52.25
52.50
52.25
51.75
52.50
52.25
52.25
52.50
52.25
52.50
52.25
52.50
52.25
52.25
52.25
52.25
52.50
51.75
52.00
52.00
52.25
52.25
51.75
52.00
52.25
52.00
52.25
52.25
52.25
51.75
52.25
52.25
52.25
52.00
52.25
52.25
52.25
52.00
52.50
52.00
52.00
52.25
52.25
52.25
52.25
52.25
52.00
52.25
52.00
52.00
51.50
52.25
51.50
52.00
52.00
51.75
52.00
52.25
51.75
52.00
52.00
51.75
52.00
51.50
52.00
52.00
51.50
51.75
52.00
51.50
51.75
51.75
51.50
52.00
51.50
51.75
52.00
51.75
51.75
52.00
51.25
51.25
51.75
51.75
51.75
52.00
52.00
51.50
51.50
51.75
51.75
51.75
51.75
51.50
52.00
51.75
51.50
52.00
52.00
51.75
51.50
52.00
51.75
51.75
51.25
52.00
51.50
52.00
51.75
51.50
52.00
52.25
52.00
52.00
52.00
51.50
51.75
51.75
51.50
51.50
52.00
51.50
51.75
51.50
51.75
51.75
51.00
51.50
51.25
51.50
51.50
51.50
51.50
51.25
51.75
51.50
51.75
51.75
51.50
51.75
51.75
51.25
51.50
51.00
51.50
51.75
51.75
51.50
51.50
51.25
51.50
51.75
51.50
51.75
51.50
51.75
51.75
51.00
51.00
51.25
51.75
51.25
51.75
51.25
51.50
51.25
51.25
51.50
51.50
51.50
51.25
51.25
51.50
51.50
51.25
51.25
51.75
51.00
51.00
51.50
51.25
51.75
51.50
51.50
51.50
51.25
51.50
51.25
51.25
51.00
51.25
51.50
51.50
51.75
51.25
51.00
50.75
51.50
51.25
51.00
51.25
51.00
51.50
51.25
50.75
51.00
51.00
51.25
51.25
50.50
50.75
51.25
51.50
51.50
51.25
51.25
51.00
51.50
51.25
51.25
51.00
51.50
51.50
51.25
51.25
51.25
51.00
51.00
51.00
51.00
51.00
51.25
51.50
51.00
51.25
51.00
50.75
50.75
51.25
51.00
51.00
51.00
51.25
50.75
51.25
50.75
50.75
51.25
50.25
51.25
50.75
51.00
50.75
51.25
51.25
51.00
51.25
51.00
51.00
50.50
50.50
50.75
51.25
51.00
50.75
51.00
51.00
51.00
50.75
51.00
51.00
51.25
51.00
51.25
51.00
50.75
50.50
51.00
50.50
51.00
51.00
50.75
51.00
50.50
50.75
50.25
50.50
50.75
50.25
50.75
50.75
50.75
50.75
51.00
50.50
50.75
50.75
50.75
50.75
50.50
50.75
50.50
50.75
50.50
50.75
51.25
50.75
51.00
50.75
50.75
50.50
50.75
51.00
50.75
50.75
50.75
50.75
50.25
50.75
50.50
51.00
51.00
50.75
50.50
50.75
50.75
50.50
50.75
50.75
50.50
50.50
50.25
50.75
50.50
50.50
50.25
50.25
50.25
50.00
50.25
50.50
50.50
50.75
50.50
50.50
50.50
50.50
50.25
50.50
50.50
50.25
50.50
50.25
50.00
50.25
50.50
50.25
50.50
50.75
50.50
50.50
50.50
51.00
50.25
50.75
50.50
50.50
50.50
50.50
50.75
50.00
50.75
50.50
50.50
50.75
50.25
50.00
50.25
50.25
50.50
50.75
50.25
50.75
50.25
50.25
50.75
50.25
50.00
50.25
50.25
50.25
50.25
49.75
50.00
50.50
50.50
50.25
50.25
50.25
50.00
50.75
49.75
50.00
50.25
50.25
50.25
50.25
50.25
49.75
50.25
50.00
50.25
50.25
49.75
50.00
50.00
50.25
50.00
50.25
50.00
49.75
50.00
50.25
50.25
50.50
50.00
50.25
50.00
50.00
50.00
49.75
50.00
50.25
50.00
49.75
50.25
50.00
50.25
50.25
50.25
49.75
50.00
50.00
50.50
49.75
50.00
49.75
50.25
50.00
50.00
50.00
50.00
49.75
49.50
49.50
49.50
50.00
50.25
50.00
50.00
49.75
50.00
50.00
50.00
49.75
50.00
50.00
49.50
50.00
50.00
50.00
50.00
50.25
50.00
49.75
49.75
49.75
49.75
50.00
50.00
49.75
49.75
49.75
49.75
49.75
49.75
49.75
49.75
49.75
49.75
49.75
49.75
49.75
50.00
49.25
49.75
49.50
49.75
49.75
49.50
49.75
49.50
49.75
49.75
50.00
49.50
49.50
49.25
49.75
49.50
49.75
49.50
49.75
49.50
49.75
50.00
50.00
49.75
49.50
49.25
49.50
50.00
50.00
49.25
49.75
49.75
49.75
49.25
49.25
49.75
49.25
49.75
49.75
49.50
49.75
49.50
49.25
49.75
49.25
50.00
49.50
49.00
49.50
49.25
49.75
49.50
49.75
49.50
49.50
49.00
49.50
49.50
49.25
49.50
49.25
49.25
49.00
49.50
49.50
49.50
49.25
49.00
49.50
49.25
49.00
49.25
49.25
49.50
49.25
49.50
49.50
49.25
49.25
49.50
49.50
49.50
49.00
49.25
49.50
49.25
49.50
49.25
49.00
49.50
49.25
49.50
49.25
49.25
49.00
49.25
49.25
49.00
49.25
49.25
49.25
49.00
49.25
49.00
49.25
49.50
49.50
49.50
49.50
49.25
49.25
48.75
48.75
49.50
49.25
49.25
49.25
49.00
49.25
48.75
49.00
49.00
49.25
49.25
49.25
49.00
49.00
48.75
49.25
49.00
48.75
49.00
49.25
49.25
49.25
48.50
48.75
49.25
49.00
49.25
49.25
49.25
49.00
48.50
49.00
49.25
49.00
49.00
49.25
48.75
49.00
49.00
48.75
49.25
49.00
49.25
49.00
48.50
49.00
48.50
48.50
49.00
48.75
48.75
48.75
48.75
49.00
49.00
48.50
48.50
48.75
48.75
49.00
48.50
49.00
48.50
49.00
48.50
48.25
49.25
48.25
48.75
48.75
48.75
48.75
48.25
48.75
49.00
49.00
49.00
48.75
49.00
48.50
49.00
48.75
48.50
48.75
48.75
48.75
49.00
48.50
48.50
48.25
48.75
48.75
48.50
49.00
48.75
48.75
48.50
49.00
48.75
49.00
49.00
48.50
48.75
49.00
48.50
48.50
48.75
48.50
48.50
48.25
48.75
48.50
48.75
48.75
48.75
48.75
48.50
48.75
48.75
48.75
48.50
48.75
48.75
48.50
48.25
49.00
48.50
48.75
48.50
49.00
48.50
48.50
48.50
48.75
49.00
48.50
48.75
48.75
48.00
48.50
48.50
48.75
48.25
48.50
48.75
48.50
48.75
49.00
48.00
48.75
48.50
48.75
48.50
48.25
48.00
48.50
48.75
48.50
48.50
48.25
48.50
48.00
48.25
48.75
48.50
48.50
48.25
48.50
48.50
48.25
48.25
48.50
48.50
48.50
48.25
48.50
48.50
48.50
48.50
48.00
48.50
48.50
48.00
48.50
48.25
48.50
48.50
48.25
48.50
47.75
48.25
48.25
48.50
48.50
48.25
48.50
48.25
48.25
48.50
48.25
48.00
48.00
48.00
48.25
48.50
48.50
48.25
48.75
48.25
48.25
48.00
48.50
48.50
48.25
48.25
48.25
48.00
48.25
48.00
48.25
48.25
48.25
48.50
48.00
48.00
48.25
48.25
48.25
48.50
48.25
48.00
48.00
48.00
48.00
48.00
48.00
48.25
48.25
48.25
47.75
48.00
48.25
48.25
48.25
48.25
47.75
48.25
48.00
48.00
48.25
48.00
48.25
48.00
48.00
48.25
48.00
48.00
48.00
48.25
48.00
48.25
47.75
48.00
48.25
48.25
48.00
48.50
48.25
48.00
48.00
47.75
48.00
48.25
48.25
48.00
48.00
48.25
48.25
48.00
48.00
48.00
48.00
48.00
47.75
48.50
47.50
48.00
47.75
48.25
48.00
47.75
48.25
47.75
48.00
47.75
47.75
48.00
48.00
48.00
47.75
48.25
48.25
47.75
47.75
48.25
47.50
47.75
47.50
47.75
47.75
48.00
47.50
48.00
47.75
47.75
47.75
46.75
48.00
47.25
47.25
48.00
47.75
47.75
48.00
47.75
48.00
47.50
47.75
47.50
47.75
47.50
47.75
47.75
47.75
48.00
47.75
47.75
47.75
47.75
47.75
47.50
47.75
47.25
47.50
47.75
47.75
47.50
47.25
47.75
47.75
47.75
47.75
47.75
47.75
47.75
47.75
47.75
47.75
47.75
47.75
47.50
47.75
47.50
47.75
47.50
47.75
47.75
47.75
47.50
47.75
47.75
47.25
47.75
47.75
47.50
47.75
47.50
47.75
47.50
47.75
47.75
47.75
47.75
48.00
47.25
47.50
47.50
47.50
47.50
47.75
47.50
47.75
47.25
47.75
47.50
47.00
47.25
47.00
47.25
47.50
47.50
47.50
47.50
47.00
47.25
47.50
47.50
47.50
47.50
47.25
47.50
47.50
47.75
47.50
47.25
47.25
47.25
47.50
47.75
47.25
47.50
47.25
47.50
47.50
47.50
47.00
47.50
47.25
47.50
47.00
47.50
47.75
47.50
47.25
47.25
47.50
47.25
47.50
47.00
47.50
47.50
47.50
47.50
47.50
47.50
47.00
47.25
47.25
47.75
47.50
47.25
47.50
47.00
47.25
47.00
47.00
47.00
47.25
47.25
47.50
47.00
46.75
47.50
47.50
47.50
47.00
47.50
47.25
47.50
47.50
47.25
47.00
47.50
47.50
47.50
46.75
47.50
47.25
47.25
47.50
47.25
47.25
47.50
47.50
47.50
47.25
47.50
47.25
47.25
47.00
47.25
47.50
47.25
47.25
47.25
47.50
47.25
47.25
47.00
47.25
47.50
47.00
47.25
47.25
47.25
47.00
47.25
47.25
47.25
47.50
47.00
46.75
47.00
47.25
47.25
47.00
47.25
47.25
47.25
47.25
47.50
47.00
47.25
47.50
47.00
47.25
47.00
47.00
47.25
47.25
47.00
47.00
47.25
46.75
47.50
47.25
47.25
46.75
47.00
46.75
47.50
47.25
47.00
47.00
47.50
47.00
47.00
46.75
46.75
47.00
47.00
47.50
46.75
47.00
47.00
47.00
47.00
47.25
47.00
47.00
47.00
47.25
46.75
47.00
47.00
47.00
47.00
46.75
46.75
47.00
47.00
47.00
46.50
46.50
46.75
46.50
46.75
47.00
46.75
46.75
47.25
46.75
46.50
47.00
47.25
46.75
46.50
46.75
47.00
47.00
47.25
46.75
47.00
46.50
47.00
46.75
47.00
46.50
46.50
46.75
46.75
47.00
46.75
47.00
46.75
47.00
46.50
46.75
47.25
47.00
47.00
47.25
47.00
46.75
46.75
46.50
46.75
46.50
46.75
46.25
46.25
46.75
46.75
47.00
46.75
46.75
47.00
46.75
46.75
46.75
47.25
47.00
46.75
46.25
47.00
46.50
47.00
46.50
46.50
46.50
47.00
46.75
46.50
46.50
46.75
46.75
46.25
46.75
46.75
46.75
47.00
47.00
46.25
46.75
47.00
46.75
47.00
46.50
47.00
46.25
47.00
46.75
46.75
46.50
46.50
46.25
47.00
46.75
46.50
46.50
47.00
46.50
46.75
46.25
46.75
46.00
46.00
46.75
46.75
46.50
46.25
46.50
46.75
46.50
46.75
46.50
46.50
46.50
46.50
46.50
46.50
46.25
46.50
46.00
46.75
46.75
46.75
46.00
46.50
46.50
46.25
46.25
47.00
46.25
46.50
46.25
46.50
46.75
46.50
46.25
46.50
46.75
46.50
46.50
46.00
46.25
46.25
46.25
46.50
46.25
46.75
46.50
46.50
46.50
46.50
46.75
46.25
46.25
46.50
46.50
46.25
46.00
46.50
46.00
46.50
46.00
46.00
46.50
46.50
46.25
46.25
46.25
46.50
46.25
46.25
46.25
46.50
46.25
46.25
46.75
46.50
46.25
46.25
46.50
46.25
46.25
46.50
46.50
46.25
46.25
46.50
46.50
46.25
46.50
46.50
46.00
46.25
46.00
46.25
46.25
46.25
46.50
46.50
46.50
46.25
45.75
46.25
46.25
46.00
46.25
46.75
46.00
46.50
46.25
45.50
46.25
46.25
46.25
45.75
46.25
46.00
46.00
46.25
46.50
46.25
46.00
46.00
46.50
46.25
46.25
45.75
46.25
46.25
46.25
46.25
45.75
46.50
46.25
46.25
46.50
46.25
46.00
46.00
46.25
45.75
45.75
45.75
46.00
46.25
46.00
46.00
46.00
45.75
45.50
46.00
46.25
46.25
46.25
46.25
46.00
46.25
46.25
45.75
46.00
46.25
46.00
45.75
46.25
46.25
46.00
45.75
46.00
46.00
45.50
46.00
46.00
46.00
46.25
45.25
46.50
45.75
46.00
45.75
45.75
46.00
46.00
45.75
46.00
46.00
45.50
45.50
45.75
46.00
45.75
46.25
46.00
46.00
45.75
46.00
45.75
45.75
45.75
46.25
46.00
46.00
46.00
45.75
45.75
46.00
45.75
46.00
45.75
45.75
46.00
45.75
46.25
45.25
45.75
45.50
45.50
46.00
46.00
46.00
46.00
45.75
45.50
45.50
46.00
46.00
46.00
46.00
45.75
46.00
46.00
46.00
45.50
46.00
46.00
45.25
45.50
46.00
45.25
45.50
45.25
45.50
46.00
45.75
45.25
46.00
46.00
45.75
45.50
45.25
45.25
45.50
46.00
45.50
45.50
45.75
45.50
45.75
45.75
46.00
45.75
45.75
45.75
45.75
45.75
45.50
45.00
45.75
45.25
45.50
46.00
45.25
45.50
45.75
45.50
45.25
45.25
45.25
45.25
45.75
45.75
46.00
45.50
45.50
45.50
45.75
45.25
45.75
45.75
45.50
45.75
45.50
45.75
45.50
45.50
45.75
45.25
45.25
45.75
45.75
45.75
45.75
45.75
45.75
45.75
45.75
45.00
45.25
45.25
45.50
45.50
45.50
46.00
45.75
45.75
45.25
45.50
45.50
45.75
45.50
45.25
45.50
45.75
45.75
45.25
45.25
45.25
45.50
45.50
45.25
45.00
45.50
45.50
45.75
45.50
45.50
45.00
45.50
45.50
45.50
45.75
45.25
45.50
45.50
45.25
45.25
45.25
45.00
45.25
45.25
45.00
45.50
45.50
45.25
45.75
45.50
45.50
45.00
45.25
45.00
45.50
45.25
45.00
45.25
45.25
45.25
45.50
45.25
45.25
45.50
45.50
44.75
45.25
45.50
45.25
45.50
45.25
45.50
45.50
45.25
45.25
45.25
45.25
45.25
45.50
45.00
45.50
45.25
44.75
45.00
45.00
45.50
45.25
45.50
45.50
45.00
45.50
45.25
45.25
45.00
45.50
45.50
45.25
45.00
45.50
45.50
44.75
45.50
45.50
45.25
45.00
45.50
45.50
44.75
45.50
45.25
45.00
45.50
44.75
45.25
44.75
45.00
45.25
45.50
45.25
45.25
45.25
45.00
45.00
45.00
45.00
45.00
45.25
45.00
45.25
45.25
45.00
45.25
44.75
45.25
45.25
44.75
45.25
45.25
44.75
45.00
44.75
45.25
44.75
45.00
45.25
45.25
45.25
45.25
45.00
45.25
45.00
45.00
45.00
45.00
44.75
44.50
45.25
45.25
45.25
44.75
45.25
45.25
44.75
45.00
44.75
45.00
45.00
45.00
45.25
44.75
45.50
44.50
45.25
45.25
45.00
44.75
45.25
45.25
45.25
44.75
44.50
45.25
44.75
45.00
44.50
44.75
44.75
44.75
45.00
44.50
45.00
44.75
45.00
44.75
44.75
45.25
45.25
44.75
45.00
45.25
45.25
44.75
44.50
45.25
45.25
45.00
45.25
44.75
44.75
45.00
44.50
45.00
45.00
45.00
44.75
44.75
45.00
45.25
44.75
45.00
44.75
44.25
45.25
44.75
44.75
44.75
44.75
45.00
45.00
45.00
44.75
44.75
45.00
45.00
44.50
45.00
45.00
44.50
44.75
44.25
45.25
45.00
44.50
44.75
44.75
44.75
45.00
44.75
44.50
44.75
45.00
44.50
44.50
45.00
44.50
44.50
44.25
45.00
44.50
45.00
44.50
44.50
45.00
44.75
44.75
44.50
45.00
44.75
44.50
44.50
44.25
44.50
44.50
44.50
44.75
44.25
45.00
44.75
44.75
44.25
44.50
44.50
44.75
44.75
44.50
45.00
44.75
44.50
44.75
44.75
45.00
44.75
44.50
44.25
44.75
44.50
44.50
45.00
45.00
44.50
44.50
44.75
44.50
44.75
44.50
44.50
44.50
44.50
44.50
44.50
44.50
44.25
45.00
44.75
44.00
44.50
43.75
44.25
44.50
44.50
44.75
44.50
44.75
44.50
44.75
44.50
44.50
44.50
44.50
44.25
44.75
44.75
44.50
44.50
44.75
44.25
44.75
44.50
44.25
44.25
44.75
44.50
44.50
44.00
44.50
44.50
44.25
44.50
44.75
44.25
44.00
44.50
44.50
44.50
44.25
44.00
44.75
44.25
44.25
44.25
44.50
44.50
44.50
44.25
44.50
44.25
44.25
44.50
44.50
44.00
44.50
44.25
44.25
44.00
43.75
44.50
44.25
44.50
44.50
44.25
44.00
44.25
44.75
44.75
44.50
44.50
44.00
44.25
44.50
44.25
44.25
44.25
44.50
44.25
44.50
44.25
44.25
44.50
44.50
44.25
44.25
44.25
44.25
44.50
44.25
44.25
44.25
44.25
44.50
44.25
44.25
44.25
43.75
43.75
44.00
44.50
44.25
44.25
44.50
44.25
43.75
44.00
44.50
44.25
44.00
44.75
44.50
43.75
44.00
44.25
44.25
43.75
44.25
44.25
44.25
44.25
44.25
44.25
44.25
43.75
44.50
43.75
43.50
44.25
44.00
44.25
44.00
44.25
44.00
44.00
43.75
43.75
44.00
44.25
44.25
44.25
44.25
44.25
44.25
44.00
44.25
44.00
44.25
44.25
44.25
44.00
44.00
44.25
43.75
44.00
43.75
43.75
44.00
44.00
44.25
43.50
44.25
44.25
44.50
44.00
43.75
44.00
43.75
44.00
44.00
44.00
44.25
44.00
43.50
44.00
44.00
43.75
43.75
43.75
43.75
43.75
44.00
44.00
43.75
44.00
43.50
44.25
43.75
44.00
44.00
44.00
44.00
43.50
44.00
44.00
44.00
43.75
43.75
44.25
44.00
43.75
43.75
43.75
43.75
43.75
43.50
43.50
44.00
43.50
43.75
43.75
43.75
43.75
43.25
43.75
44.25
43.75
43.75
43.75
43.75
43.75
43.50
43.50
44.00
44.00
44.00
43.75
44.00
43.50
43.50
44.00
43.75
43.25
44.00
44.00
44.00
44.00
43.25
43.75
44.00
43.75
43.75
43.75
43.75
43.50
44.00
43.75
43.75
43.75
43.75
43.75
43.50
43.75
44.00
43.75
44.00
43.75
43.50
43.75
44.00
43.25
43.75
43.50
43.75
43.75
43.25
43.50
43.75
43.25
43.75
43.50
43.75
44.00
43.50
43.75
43.75
43.50
43.50
43.75
43.50
43.50
43.75
43.50
43.75
43.25
43.50
43.50
43.50
44.00
43.50
43.25
43.50
43.25
43.50
43.50
43.75
43.75
43.25
43.50
43.50
43.25
43.25
43.50
43.50
43.25
43.00
43.75
43.75
43.75
43.50
43.25
43.50
43.50
43.75
43.50
43.75
43.50
43.50
43.75
43.50
43.50
43.50
43.50
43.75
43.25
43.50
43.50
43.50
43.75
43.75
43.75
43.75
43.50
43.50
43.50
43.50
43.50
43.50
43.25
43.25
43.50
43.25
43.25
43.50
43.50
43.75
43.50
43.50
43.00
43.25
43.50
43.00
43.25
43.50
43.50
43.50
43.25
43.25
43.25
43.25
43.50
43.50
43.50
43.25
43.25
43.50
43.50
43.25
43.50
43.75
43.50
43.50
43.50
43.25
43.00
43.00
43.25
43.00
43.50
43.00
43.25
43.00
43.25
43.50
43.50
43.25
43.25
43.25
43.00
42.75
43.25
43.25
42.75
43.25
43.25
43.00
42.75
43.25
42.75
43.25
43.50
43.50
43.00
43.00
43.25
43.50
43.50
43.50
43.25
43.25
43.25
43.25
43.50
42.75
43.00
43.00
43.25
43.25
43.00
43.25
43.25
42.75
43.50
43.25
43.25
43.25
43.25
42.75
43.25
43.00
43.25
43.00
43.00
43.50
42.75
42.50
42.75
43.00
43.25
43.25
43.00
43.00
43.25
43.00
43.00
43.00
43.50
43.00
43.00
43.00
43.00
43.00
43.25
42.75
43.50
43.00
43.25
42.50
43.00
43.25
43.00
42.75
43.00
43.25
43.50
43.50
43.00
43.00
43.25
43.00
43.25
43.25
43.25
43.00
43.00
43.25
42.75
43.00
43.00
43.25
43.25
43.25
43.00
43.00
43.25
43.50
43.00
42.75
43.00
43.25
42.75
43.25
43.00
43.25
43.00
42.75
43.00
43.00
43.25
42.75
42.25
42.75
43.00
42.75
43.00
43.00
42.50
43.00
43.00
43.25
43.00
43.25
42.50
43.00
42.75
43.00
42.75
43.00
42.75
43.00
43.00
42.50
42.75
42.75
43.00
43.00
42.75
42.75
42.75
42.75
42.75
43.00
43.00
43.00
43.00
42.75
43.00
42.25
42.75
42.75
42.75
42.75
42.25
42.75
42.75
42.50
42.75
42.50
42.75
42.25
42.75
43.00
43.00
43.00
42.75
43.00
42.50
42.75
42.75
42.75
42.75
42.75
42.75
42.50
42.75
42.50
42.75
42.50
42.75
42.75
42.75
43.00
42.50
42.75
42.75
42.75
42.75
42.75
42.75
42.75
43.00
43.00
42.75
42.75
43.00
43.00
42.50
43.00
42.50
42.75
42.50
42.75
42.25
43.00
42.25
42.75
42.75
42.50
42.50
42.50
43.00
42.50
42.75
42.50
42.50
43.00
42.00
42.00
42.25
42.50
42.50
42.25
42.25
42.50
42.50
42.25
42.50
42.75
42.50
42.25
42.50
42.75
42.50
42.50
42.50
42.75
42.50
42.75
42.50
42.00
42.00
42.50
42.75
42.75
42.00
42.25
42.50
42.50
42.25
42.50
42.25
42.25
42.50
42.75
42.75
42.25
42.50
42.00
42.50
42.25
42.00
42.50
42.75
42.75
42.50
42.75
42.25
42.50
42.25
42.00
42.50
42.00
42.50
42.25
42.50
42.50
42.00
42.50
42.50
42.25
42.50
42.75
42.75
42.75
42.50
42.50
42.50
42.75
42.00
42.25
42.00
42.25
42.25
42.25
42.25
42.25
42.75
42.50
42.00
42.00
42.25
42.25
42.00
42.75
42.25
42.25
42.25
42.00
42.50
42.25
42.50
42.25
41.75
41.75
42.25
42.25
42.00
42.00
42.00
42.50
42.25
42.25
42.50
42.00
42.25
42.00
42.25
42.25
42.25
42.25
41.75
42.25
42.25
42.25
42.25
42.25
42.00
42.25
42.25
42.25
42.00
42.25
42.50
42.50
42.25
42.00
42.25
41.75
41.75
42.00
41.50
41.50
42.25
42.00
42.00
42.00
42.00
42.50
42.00
41.75
42.50
41.75
42.00
42.00
42.25
42.25
42.00
42.00
42.25
42.00
41.50
42.00
41.75
42.00
41.75
41.75
41.75
42.00
42.25
41.75
42.50
42.25
42.25
41.50
41.75
41.75
42.25
42.00
42.00
42.25
42.00
42.00
42.00
42.00
42.00
42.25
42.00
42.00
42.25
42.25
42.25
42.00
42.00
42.25
41.75
42.00
42.00
41.75
41.25
42.00
42.00
41.50
42.25
42.25
41.25
42.00
41.50
42.00
41.75
41.75
42.00
41.75
41.75
42.00
42.00
41.50
41.75
41.75
41.75
42.00
41.75
41.75
42.00
42.00
42.00
41.75
42.00
42.00
42.00
42.25
42.00
42.00
42.00
42.00
42.00
41.75
42.00
41.75
41.75
42.25
42.00
41.75
42.00
41.75
41.50
42.00
42.00
41.75
41.75
41.75
41.75
42.00
41.50
41.75
42.00
41.75
42.00
41.50
41.75
41.50
41.75
41.00
42.25
41.50
41.75
41.75
41.75
42.00
41.75
42.00
41.75
41.75
41.50
41.25
41.75
41.75
41.25
41.75
41.50
42.00
41.25
41.50
41.00
42.00
42.00
41.50
41.75
41.75
41.75
41.75
41.75
41.50
42.00
41.75
41.50
41.75
41.75
41.25
41.75
41.75
41.25
41.75
41.75
41.50
41.25
41.75
41.75
41.50
41.00
41.25
41.75
41.75
42.00
41.25
41.25
41.50
41.75
41.75
41.75
41.25
41.50
41.50
41.75
41.75
41.50
41.75
41.50
41.25
41.75
41.50
41.50
41.50
41.50
41.75
41.50
41.75
41.75
41.75
41.25
41.75
41.50
41.50
41.50
41.50
41.50
41.75
41.50
41.75
41.75
41.25
41.50
41.75
41.00
41.50
41.25
41.75
41.50
41.75
41.75
41.50
41.50
41.50
41.75
41.50
41.75
41.25
41.00
41.25
41.50
41.75
41.50
41.00
41.50
41.50
41.50
41.50
41.50
41.50
41.25
41.25
41.50
41.50
41.50
41.00
41.50
41.50
41.25
41.50
41.50
41.25
41.50
41.25
41.00
41.50
41.50
41.25
41.00
41.00
41.75
41.50
41.50
41.50
41.00
41.25
41.25
41.50
41.50
41.00
41.25
41.50
41.25
41.50
41.25
41.50
41.25
41.25
41.25
41.25
41.50
41.25
41.25
41.25
41.75
41.25
41.50
41.50
41.25
41.00
41.25
41.50
41.25
41.50
41.25
41.25
41.50
41.00
41.25
41.25
41.00
41.00
41.25
41.25
41.50
41.50
41.50
41.00
41.25
41.25
40.75
41.25
41.50
41.25
41.25
41.00
41.25
41.25
41.25
41.25
41.50
41.25
41.25
41.25
40.75
41.25
41.50
41.25
41.25
41.50
41.25
41.25
41.25
41.25
41.00
41.25
41.25
41.00
41.50
41.25
40.75
40.50
41.00
41.25
41.25
41.25
41.50
41.25
41.25
41.25
41.00
40.50
41.25
41.00
40.75
41.00
41.25
41.00
41.25
41.00
40.75
41.50
41.00
41.00
41.25
41.00
41.25
41.00
41.00
41.00
41.00
41.00
41.00
41.25
40.75
41.25
41.00
41.00
41.00
40.75
41.00
41.00
41.25
40.75
41.00
41.00
41.00
41.00
41.25
41.00
41.00
40.75
40.50
40.75
41.00
41.00
41.00
41.00
40.75
40.50
40.75
40.50
41.00
41.00
40.75
41.00
41.00
40.75
41.00
41.00
41.00
41.00
41.00
40.75
40.75
40.75
41.00
41.00
41.00
41.25
41.00
41.00
41.00
41.00
41.00
41.00
40.75
41.00
41.25
41.00
40.75
41.00
41.00
41.00
41.00
40.75
41.00
40.75
41.00
40.50
41.00
40.75
41.00
40.75
41.00
40.75
41.00
41.00
40.75
41.00
41.00
40.75
41.00
41.00
40.75
41.00
41.00
41.00
41.00
41.00
41.00
41.00
40.75
41.00
41.00
40.75
40.75
41.00
40.50
40.00
41.00
40.75
40.75
40.75
41.00
40.50
41.00
41.00
41.00
40.25
40.50
40.75
40.25
41.25
40.75
41.00
41.00
40.75
40.50
40.75
40.75
40.75
41.00
40.50
40.50
40.75
40.50
40.75
41.00
40.75
40.00
40.75
40.50
40.75
41.00
40.75
40.75
40.75
40.50
40.50
40.75
40.75
40.50
40.25
40.75
40.75
40.75
40.25
40.75
40.75
40.75
40.50
40.50
40.75
40.75
40.25
40.75
40.75
40.50
41.25
41.00
40.75
40.50
40.50
40.25
40.75
40.25
40.75
40.50
40.75
40.25
40.25
40.25
40.75
40.50
40.25
40.50
40.75
40.50
40.75
40.75
40.50
40.50
40.50
40.50
40.50
40.50
40.50
40.75
40.50
40.25
40.75
40.75
40.25
40.50
40.75
40.25
40.00
40.25
40.25
40.75
40.00
40.50
40.75
40.75
40.75
40.50
40.75
40.75
40.50
40.50
39.75
39.75
40.25
40.25
40.50
40.25
40.00
40.50
40.25
40.75
40.75
40.25
40.25
40.50
39.75
40.25
40.75
40.50
40.50
40.25
40.50
40.75
40.50
40.25
40.50
40.25
40.00
40.50
40.50
40.00
40.75
40.50
40.25
40.50
40.25
40.25
40.25
40.25
40.50
40.50
40.00
40.00
40.50
40.50
40.25
40.00
40.50
40.50
40.50
40.25
40.25
40.50
40.00
40.25
40.25
40.00
40.50
39.75
40.50
40.50
40.25
40.50
40.50
40.00
39.75
39.75
40.25
40.25
40.25
40.25
39.75
40.50
40.00
40.25
40.25
40.50
40.25
40.25
40.00
40.25
40.25
39.75
40.25
40.00
40.50
40.00
40.50
39.75
40.00
40.25
40.50
40.50
40.50
40.25
40.00
40.25
40.00
39.75
40.25
40.25
40.25
40.00
39.75
39.50
40.25
39.75
40.00
40.00
40.00
40.25
40.25
40.25
40.00
40.00
39.75
40.00
39.50
39.75
40.25
40.00
39.50
39.75
39.75
40.00
39.75
40.00
39.75
40.00
39.50
39.50
39.75
39.50
39.75
39.75
39.75
40.00
39.75
39.50
39.75
39.75
40.00
39.75
39.75
39.50
40.00
